		MinPrac;	MinComf;	MinRel; 	MaxRel; 	MaxComf;	MaxPrac
1-2; 	-5; 		-3;  		1;  	 	5;  	 	8; 			10
1-3; 	-4; 		-2;  		3;  	 	7; 			10; 		12
1-4; 	-3; 		-1;  		5;  	 	9; 			12; 		14
1-5; 	-1;  	 	 1;  		7; 			10; 		13; 		15
2-3;  	 1;  	 	 1;  		1;  	 	2;  	 	3;  	 	5
2-4;  	 1;  	 	 1;  		3;  	 	4;  	 	5; 	 		7
2-5;  	 2;  	 	 2;  		5;  	 	6;  	 	8; 			10
3-4;  	 1;  	 	 1;  		1;  	 	2;  	 	2; 	 		4
3-5;  	 1;  	 	 1;  		3;  	 	4;  	 	5; 	 		7
4-5;  	 1;  	 	 1;  		1;  	 	2;  	 	3; 	 		5
###DON'T REMOVE THIS LINE!###########################################